+------------------+----------------------------------------+--------------------+
| Bowler           | Streak Size(Start Innings,End Innings) | Wkts               |
+------------------+----------------------------------------+--------------------+
| Alfonso Thomas   | 6(61,66)                               | [3, 3, 3, 3, 3, 3] |
| Charl Langeveldt | 5(10,14)                               | [4, 3, 3, 3, 5]    |
| Dinesh Nakrani   | 5(19,23)                               | [3, 6, 3, 3, 5]    |
| Rashid Khan      | 5(120,124)                             | [3, 3, 3, 3, 4]    |
| Mark Cleary      | 4(3,6)                                 | [3, 3, 3, 3]       |
| Sohail Tanvir    | 4(22,25)                               | [3, 3, 3, 4]       |
| Taduri Sudhindra | 4(15,18)                               | [3, 4, 3, 3]       |
| Ajaz Patel       | 4(36,39)                               | [3, 3, 3, 3]       |
| Andrew Tye       | 4(85,88)                               | [3, 3, 3, 3]       |
| Craig Young      | 4(19,22)                               | [5, 5, 4, 3]       |
| George Garton    | 4(18,21)                               | [4, 4, 3, 3]       |
| Shadab Khan      | 4(176,179)                             | [5, 4, 4, 3]       |
| Ishan Porel      | 4(14,17)                               | [3, 4, 3, 4]       |
+------------------+----------------------------------------+--------------------+
